0 0 0
1 1 1
7 2 2
0 3 3
0 4 4
3 5 5
9 6 6
5 7 7
3 8 8
0 0 9
2 1 10
7 2 11
3 3 12
8 4 13
4 5 14
1 6 15
5 7 16
1 8 17
5 0 18
20 1 19
0 2 20
11 3 21
28 4 22
4 5 23
4 6 24
2 7 25
3 8 26
3 0 27
4 1 28
1 2 29
6 3 30
5 4 31
6 5 32
11 6 33
2 7 34
7 8 35
0 0 36
2 1 37
10 2 38
10 3 39
10 4 40
27 5 41
22 6 42
0 7 43
3 8 44
16 0 45
0 1 46
1 2 47
7 3 48
3 4 49
1 5 50
6 6 51
0 7 52
4 8 53
6 0 54
14 1 55
4 2 56
1 3 57
3 4 58
0 5 59
2 6 60
3 7 61
6 8 62
13 0 63
1 1 64
21 2 65
6 3 66
2 4 67
1 5 68
2 6 69
5 7 70
0 8 71
0 0 72
7 1 73
2 2 74
0 3 75
5 4 76
2 5 77
2 6 78
8 7 79
3 8 80
2 0 81
7 1 82
2 2 83
1 3 84
8 4 85
3 5 86
3 6 87
0 7 88
8 8 89
2 0 90
11 1 91
0 2 92
1 3 93
3 4 94
9 5 95
3 6 96
9 7 97
2 8 98
2 0 99
6 1 100
1 2 101
11 3 102
10 4 103
2 5 104
6 6 105
18 7 106
1 8 107
0 0 108
18 1 109
7 2 110
3 3 111
8 4 112
19 5 113
0 6 114
5 7 115
5 8 116
4 0 117
2 1 118
0 2 119
2 3 120
1 4 121
9 5 122
2 6 123
7 7 124
0 8 125
5 0 126
2 1 127
0 2 128
0 3 129
22 4 130
5 5 131
1 6 132
5 7 133
6 8 134
7 0 135
2 1 136
0 2 137
14 3 138
9 4 139
18 5 140
2 6 141
4 7 142
0 8 143
7 0 144
0 1 145
14 2 146
43 3 147
4 4 148
8 5 149
0 6 150
9 7 151
11 8 152
3 0 153
9 1 154
0 2 155
7 3 156
0 4 157
1 5 158
10 6 159
1 7 160
0 8 161
8 0 162
7 1 163
10 2 164
32 3 165
3 4 166
2 5 167
3 6 168
12 7 169
5 8 170
1 0 171
9 1 172
10 2 173
3 3 174
2 4 175
6 5 176
0 6 177
9 7 178
4 8 179
4 0 180
0 1 181
2 2 182
3 3 183
0 4 184
1 5 185
13 6 186
1 7 187
3 8 188
2 0 189
3 1 190
0 2 191
0 3 192
6 4 193
8 5 194
5 6 195
1 7 196
0 8 197
0 0 198
1 1 199
